248
213
767
614
429
106
790
540
126
145
918
963
43
956
860
882
939
945
681
453
142
191
620
377
972
391
630
392
10
532
807
142
882
653
198
529
252
322
451
561
0
222
625
602
150
534
46
898
980
665
495
204
877
218
142
382
919
7
604
835
890
347
217
764
394
825
105
283
18
232
920
611
47
363
185
697
29
972
31
825
652
223
713
2
727
609
740
159
803
475
607
510
843
937
96
717
652
218
886
876
274
162
707
707
337
946
618
767
443
850
63
934
33
245
255
881
819
847
62
808
771
680
62
182
888
129
587
852
432
902
628
496
93
755
244
970
591
309
658
835
552
381
598
987
111
830
551
84
571
13
507
200
646
639
459
923
241
948
402
960
473
872
809
126
662
93
613
526
296
654
519
599
568
105
84
699
953
20
365
801
397
36
83
995
170
530
236
414
83
431
739
353
783
647
243
409
117
77
523
638
72
205
900
857
650
824
9
437
144
521
858
151
675
192
509
910
498
973
918
488
586
690
445
692
193
111
275
751
630
47
540
103
293
616
245
176
51
788
183
175
467
671
920
422
957
858
564
234
937
569
495
928
189
227
432
66
167
611
227
688
747
665
560
896
953
626
252
819
526
139
285
700
828
659
732
550
429
512
695
596
947
674
62
519
122
495
341
323
853
299
97
496
975
37
541
54
784
968
630
918
973
596
648
65
443
999
592
863
627
980
864
981
378
436
696
344
176
713
458
645
391
726
502
46
616
89
477
825
626
526
111
891
336
394
302
291
265
242
986
56
394
945
655
995
963
79
597
329
735
928
880
382
467
690
875
920
859
194
627
55
45
743
705
122
753
472
264
324
666
956
909
435
97
690
623
385
65
427
464
43
44
333
927
129
121
329
915
768
113
46
995
830
198
277
212
880
960
914
76
238
369
936
434
399
84
102
900
803
669
697
135
749
738
823
810
52
802
466
278
920
595
791
53
372
955
906
980
493
933
634
595
691
624
680
538
173
399
927
44
822
620
523
470
695
612
816
545
474
673
203
527
245
166
397
722
175
267
691
911
770
794
317
36
624
643
105
168
799
744
264
145
205
126
241
481
668
650
311
118
695
166
765
325
264
421
283
597
400
779
379
723
673
955
605
260
220
282
520
567
366
690
320
174
420
493
422
719
790
294
205
899
82
789
599
885
507
22
194
428
514
705
60
460
244
522
540
314
108
965
843
841
497
137
411
589
409
119
656
908
563
975
854
310
388
180
713
664
125
287
329
843
184
942
78
246
772
942
248
221
813
872
73
784
87
31
212
184
600
743
576
825
172
882
888
735
337
416
274
309
751
28
714
329
418
441
183
297
222
903
877
22
463
364
7
947
284
320
257
196
178
930
153
441
26
989
274
692
451
566
453
857
609
634
830
458
956
821
941
181
903
484
791
61
745
668
213
960
728
171
693
653
598
822
215
296
565
328
630
240
131
495
519
174
875
413
490
366
914
242
394
322
392
552
2
532
106
805
245
103
34
428
278
978
356
125
239
140
300
516
787
653
982
925
183
659
288
176
960
479
669
518
962
764
709
414
864
264
205
770
119
129
528
326
633
845
2
356
380
813
112
524
603
325
398
734
192
185
7
72
341
491
9
490
602
178
737
716
7
762
625
966
29
333
235
453
744
276
407
334
750
379
805
710
28
945
385
519
177
300
728
680
191
590
519
643
217
117
896
592
529
498
819
883
314
872
108
961
711
996
281
924
957
512
899
84
418
905
646
395
745
666
38
340
404
941
226
970
313
533
68
63
432
451
318
27
685
342
520
29
752
38
939
30
880
126
677
840
92
966
904
54
826
764
27
747
333
407
487
97
903
527
766
687
310
896
185
102
689
594
996
572
449
590
317
839
707
265
489
125
156
178
485
71
263
835
152
781
166
528
133
646
668
364
559
458
291
445
717
442
429
807
198
208
255
104
240
314
214
229
292
67
557
38
149
458
663
76
340
598
556
754
861
854
362
728
745
955
223
337
403
689
536
810
163
466
241
643
935
934
296
964
455
47
402
911
163
471
488
89
357
965
493
913
874
443
470
235
273
743
112
978
123
727
390
650
786
248
96
487
805
692
755
692
800
226
518
690
636
665
398
575
412
847
431
948
774
738
116
184
916
23
812
729
606
858
583
419
556
543
384
983
436
337
327
797
907
318
270
717
93
199
852
283
19
248
664
889
702
31
219
577
695
526
961
950
135
238
648
322
541
387
36
651
872
862
964
958
657
611
619
942
308
394
946
203
110
290
953
81
732
207
899
368
551
669
173
287
496
553
21
996
623
77
110
532
127
256
371
534
30
250
441
340
384
536
512
14
391
558
400
665
509
604
138
976
266
951
476
212
185
953
264
87
987
630
786
795
952
488
783
194
156
751
84
579
77
933
460
781
954
682
576
300
145
137
684
44
639
604
995
815
866
231
535
64
850
498
619
588
853
760
0
805
608
785
189
932
378
220
376
900
141
174
897
144
356
662
209
445
909
490
898
844
66
254
308
298
452
527
40
136
356
988
669
565
955
194
748
442
344
917
364
293
649
518
246
84
859
597
718
547
424
254
580
991
139
644
340
377
288
171
108
103
527
559
815
385
558
273
418
338
174
230
140
860
893
504
855
208
8
790
204
714
566
718
103
438
463
708
894
683
595
954
507
186
733
311
626
523
615
288
87
700
540
112
379
167
614
817
427
535
689
635
555
69
926
538
884
643
898
619
207
206
87
181
801
970
663
786
481
470
463
256
685
374
164
565
311
399
746
872
513
993
461
443
713
503
724
96
633
381
487
847
210
624
941
898
936
33
595
718
235
81
124
963
251
138
651
196
562
554
516
902
137
648
947
58
81
933
482
653
542
34
414
839
498
616
28
110
986
297
907
779
754
963
102
246
240
113
564
25
249
888
814
294
676
178
477
727
178
811
950
750
725
131
204
950
548
439
407
234
157
629
852
569
689
101
433
510
95
433
754
538
328
612
798
180
978
602
976
214
550
881
274
854
903
141
180
624
193
747
51
821
38
696
567
861
516
752
981
508
52
159
941
994
187
841
756
265
748
260
112
174
923
192
421
258
346
505
165
824
337
662
839
509
103
65
343
95
816
570
986
364
210
442
542
981
490
787
214
924
165
36
680
769
614
351
855
233
59
937
440
715
928
97
788
240
458
557
144
120
806
994
863
844
840
937
750
221
272
204
302
533
765
838
249
534
186
38
455
425
222
954
943
588
174
325
539
721
847
851
367
188
121
883
249
885
953
474
862
624
285
91
358
57
561
328
53
496
355
760
690
504
877
674
726
51
18
803
94
134
899
334
865
194
848
395
302
368
108
966
861
597
590
629
792
887
424
895
131
545
149
862
42
66
868
849
657
450
853
240
798
102
631
204
210
176
807
126
246
140
481
580
242
599
405
387
195
928
706
884
717
49
314
784
678
782
30
161
379
555
494
922
579
896
199
824
213
51
84
490
172
292
174
146
93
944
199
760
700
934
115
76
886
722
971
574
375
792
623
758
509
489
399
281
429
899
899
324
686
610
813
355
85
682
780
828
423
860
33
671
592
97
846
413
444
747
524
642
690
363
28
48
92
911
135
714
140
321
415
451
460
765
208
926
201
708
198
37
743
791
160
512
170
882
951
975
67
136
818
769
384
783
678
732
310
441
99
660
293
155
325
677
657
39
845
878
494
333
696
591
892
957
868
348
853
116
970
209
695
357
543
372
96
511
252
105
431
347
493
917
489
394
848
544
196
307
194
742
497
363
221
139
119
155
572
353
546
321
803
407
175
194
896
4
264
576
109
583
17
472
533
215
837
490
847
274
572
795
402
537
348
966
968
819
410
819
162
517
246
308
838
434
149
872
482
119
299
230
980
505
374
417
930
37
687
66
79
618
861
318
325
652
87
449
189
177
70
324
597
584
903
5
326
701
197
422
478
78
8
843
905
165
261
968
603
689
619
881
698
958
995
775
812
986
204
283
259
329
548
540
747
253
534
550
9
399
231
296
36
411
265
55
422
106
838
781
649
624
674
39
2
660
276
892
233
325
439
377
988
378
519
639
493
622
578
629
994
971
133
243
941
319
936
173
6
657
876
310
566
9
843
448
437
678
139
218
264
978
828
600
185
80
213
152
68
886
510
57
879
844
648
421
519
442
51
825
753
728
209
987
721
552
801
542
848
405
175
362
919
664
1
561
473
756
992
273
651
282
700
618
131
403
527
765
793
860
229
854
326
844
436
657
67
568
890
230
978
776
393
492
833
642
732
626
350
459
182
414
215
284
525
155
708
221
917
610
891
355
345
471
138
440
879
253
119
304
361
118
223
620
737
75
794
94
731
200
503
390
150
13
618
54
726
902
940
534
2
555
705
920
460
653
792
397
782
730
168
509
849
967
626
263
855
871
521
764
699
246
373
560
634
587
951
133
22
73
650
972
897
581
794
519
988
792
770
836
771
245
753
254
120
403
137
383
115
177
703
835
622
60
968
707
321
42
132
389
967
698
536
535
788
423
545
92
123
597
370
155
554
588
379
5
46
884
104
107
867
318
276
70
319
298
923
463
679
222
750
217
63
714
790
816
323
184
578
815
510
239
896
321
875
862
492
942
849
907
34
369
968
392
961
189
241
250
821
764
32
721
157
979
120
295
978
489
254
206
405
614
167
756
96
408
722
414
691
536
579
472
585
508
540
264
37
508
518
362
748
519
892
934
818
704
865
445
168
24
331
185
336
915
660
697
851
389
777
15
204
362
855
794
825
125
993
806
382
819
257
11
113
526
537
367
905
34
804
830
299
676
440
544
636
660
525
24
113
174
121
293
605
178
846
264
726
181
289
393
752
527
90
532
707
632
841
188
136
421
329
871
815
704
997
45
933
561
939
263
91
903
189
411
784
239
510
665
920
355
458
645
312
31
972
490
20
152
352
38
877
571
84
74
536
853
587
665
876
614
647
899
694
484
974
997
166
877
77
625
696
641
365
420
420
360
228
205
801
535
622
80
482
141
571
622
784
80
861
705
40
852
129
30
218
382
482
329
183
313
786
339
255
203
728
59
658
54
852
527
875
273
784
311
888
688
9
210
763
534
670
166
84
357
28
264
281
662
434
762
992
735
868
525
208
478
383
876
115
303
54
858
204
74
385
115
465
861
452
131
180
777
464
362
161
518
823
868
17
277
219
408
444
617
784
635
328
528
801
903
919
323
59
431
202
273
461
67
102
850
139
615
124
271
928
792
570
542
746
169
511
607
105
70
305
290
709
324
551
643
856
883
20
999
153
831
296
494
871
992
559
83
114
415
191
98
876
256
669
209
961
203
488
253
683
421
728
763
266
152
228
192
838
515
222
760
983
767
744
571
869
267
58
168
78
642
860
940
394
221
27
882
984
614
251
72
580
435
967
796
515
555
623
728
724
943
461
718
102
105
692
710
940
383
131
96
505
858
120
307
228
445
835
769
358
802
871
472
409
64
351
218
185
50
667
337
692
502
346
51
771
133
495
904
876
740
709
681
3
403
343
14
429
840
560
427
571
326
624
948
971
176
503
504
161
702
957
246
889
711
932
637
3
90
274
598
104
715
473
260
917
992
416
910
243
593
857
523
235
551
682
874
716
730
809
589
219
832
10
668
444
517
760
936
862
941
733
606
267
958
446
637
199
545
108
852
253
532
721
844
505
546
47
543
438
208
140
946
10
981
758
913
741
785
132
125
11
400
222
272
54
953
836
282
510
277
704
938
769
745
896
554
752
238
744
457
238
296
816
903
298
124
307
733
930
44
650
482
512
203
50
890
277
820
133
774
588
36
879
977
472
451
535
704
488
805
257
866
721
814
832
215
443
126
931
931
694
479
993
20
870
635
47
365
199
376
455
500
850
885
821
225
307
114
103
988
537
332
217
559
456
899
327
887
139
460
326
207
272
176
952
368
334
305
382
129
117
434
138
601
260
944
610
356
617
812
538
756
458
707
344
904
674
432
298
245
396
164
112
266
715
611
712
911
441
166
621
309
188
364
586
166
434
475
841
692
544
856
654
271
220
769
631
138
227
722
578
253
777
58
581
168
413
398
382
166
819
795
43
138
511
896
363
681
4
219
505
683
666
661
802
216
120
711
784
908
791
435
48
92
884
200
702
932
855
279
782
423
232
913
205
622
450
177
537
724
227
983
110
628
888
858
776
455
962
727
913
58
319
773
111
974
93
605
366
385
647
369
470
622
878
161
754
454
222
75
277
910
843
476
59
660
584
667
970
41
474
913
467
671
745
910
413
218
539
199
895
270
781
646
26
493
935
126
488
181
719
736
696
92
190
397
276
969
991
514
785
474
987
413
424
362
938
667
809
569
350
38
784
594
147
700
587
936
363
613
675
618
589
389
945
801
559
771
81
279
847
896
287
214
351
824
729
811
910
445
584
771
135
764
711
232
306
719
624
655
949
170
610
511
567
403
562
947
810
539
320
581
286
507
113
432
114
840
985
561
263
405
924
384
719
322
780
782
500
739
979
45
606
863
436
457
53
591
62
762
229
389
733
102
978
596
628
26
940
154
388
51
899
902
635
863
125
919
28
661
923
132
146
321
920
301
200
62
938
766
782
999
637
849
588
541
520
593
337
876
286
610
915
911
972
159
111
872
814
236
172
465
236
351
800
905
947
908
170
363
689
547
980
379
754
619
554
541
78
975
534
354
322
595
766
499
93
205
558
858
168
890
612
569
334
925
584
59
265
450
400
490
674
416
176
281
807
163
825
419
279
381
217
84
104
696
52
695
782
49
458
874
224
149
681
975
361
698
138
768
266
810
541
579
741
20
746
696
392
541
498
143
353
986
240
947
0
596
730
936
173
118
294
647
663
889
147
423
981
327
383
877
708
7
904
940
51
731
770
421
581
497
199
558
524
113
722
345
359
222
795
507
970
930
517
902
41
808
964
736
888
21
52
470
512
478
777
472
151
448
125
501
288
801
958
867
651
106
706
703
433
150
717
86
650
29
765
931
277
890
270
426
579
537
472
506
808
596
985
327
308
656
829
931
872
827
338
356
120
446
62
235
556
246
129
528
913
165
336
418
390
112
643
547
366
422
599
705
237
449
704
824
87
729
638
599
4
399
805
371
988
119
650
950
561
573
766
909
395
726
903
505
481
413
598
794
646
505
295
677
494
861
526
616
179
486
888
484
775
870
361
547
370
234
722
907
456
537
656
812
614
416
490
118
969
898
339
862
414
644
867
310
128
669
771
105
481
999
591
101
55
465
414
285
84
893
581
731
344
286
553
872
176
185
683
536
77
306
761
42
34
714
842
404
591
246
52
105
425
645
780
197
104
864
908
481
542
307
490
365
599
361
631
564
233
416
111
212
568
720
701
76
252
854
6
549
534
275
87
759
555
415
104
700
434
42
696
500
891
166
825
83
286
595
418
240
182
346
154
845
730
527
437
262
462
959
681
266
356
776
762
705
361
468
672
911
918
353
169
408
404
256
489
747
838
261
988
424
623
757
922
702
611
633
440
801
228
423
260
387
1
376
448
486
353
937
147
955
148
869
129
446
124
327
560
318
972
474
397
349
560
897
470
188
503
921
376
405
45
131
989
689
8
838
561
221
393
983
92
474
52
965
919
758
754
211
209
610
871
837
374
747
857
668
267
669
680
969
355
147
357
705
998
778
804
833
374
517
273
105
565
574
746
159
794
372
796
192
847
304
597
344
256
890
942
53
920
541
383
5
436
564
825
996
584
224
257
964
87
634
546
690
963
20
652
195
550
421
950
623
539
205
772
528
180
882
761
798
140
551
51
125
371
9
845
825
743
943
472
41
133
903
601
826
116
688
854
383
399
628
745
793
659
749
495
857
519
194
980
340
963
374
814
749
614
253
308
979
953
832
839
608
747
384
996
347
634
253
706
184
96
29
442
47
796
765
520
392
572
458
443
994
220
425
221
338
565
341
624
452
206
652
329
712
776
790
36
151
498
141
701
49
315
950
167
152
915
479
675
675
501
506
873
375
255
939
230
355
75
690
985
941
288
162
44
933
746
646
602
746
908
723
571
504
272
238
307
920
760
779
535
890
522
661
827
87
899
286
443
473
198
445
882
587
316
504
14
654
170
707
228
60
379
765
656
486
605
736
148
68
511
720
348
252
339
274
902
646
683
547
587
41
188
77
873
966
515
835
248
589
119
618
434
497
80
116
508
934
498
10
773
345
698
281
204
665
839
517
185
669
315
333
255
795
751
243
597
338
253
211
24
553
26
838
303
239
433
665
755
622
57
328
194
893
350
380
461
616
23
424
961
296
394
854
889
820
550
882
42
136
324
723
446
492
761
796
310
808
960
527
211
247
936
890
755
871
405
125
415
325
201
175
664
877
383
245
13
761
949
569
62
709
477
878
235
753
932
312
401
864
369
498
235
768
214
298
763
319
371
330
226
148
427
644
85
900
828
135
723
284
23
119
145
317
202
233
781
611
460
260
321
268
910
744
341
988
520
293
386
277
228
269
87
222
188
184
821
172
827
467
420
791
799
439
424
373
759
281
439
41
384
481
199
382
960
755
62
397
407
724
794
154
587
686
652
367
341
668
985
251
750
572
793
380
764
630
951
938
463
583
77
745
928
952
368
627
875
532
55
254
984
781
549
346
99
55
704
234
307
778
153
124
210
487
58
57
614
341
208
460
215
154
875
424
815
198
450
290
78
43
467
928
784
472
245
106
110
88
80
707
502
550
576
140
280
531
444
198
255
369
877
773
282
92
369
304
830
959
686
577
411
911
539
480
896
348
403
657
568
493
844
548
31
156
628
189
965
121
922
261
53
513
854
334
333
466
757
912
631
104
511
921
722
365
472
505
341
481
613
564
183
983
708
301
624
952
512
133
922
846
200
748
336
677
518
721
721
450
436
94
817
796
386
534
718
436
535
214
691
695
922
354
832
538
708
439
826
762
215
490
427
790
947
417
145
223
245
375
11
705
809
299
238
906
874
219
52
402
425
777
955
39
478
380
216
908
125
763
432
422
713
359
599
100
291
742
234
571
178
591
766
11
328
95
559
681
974
419
673
484
878
904
698
519
421
939
768
377
657
52
182
569
421
605
865
807
542
629
323
53
239
763
580
156
794
947
75
657
696
527
418
794
530
685
417
69
24
646
811
767
843
965
691
678
900
287
683
902
187
375
596
17
402
878
356
65
903
242
773
823
892
439
858
529
25
676
172
788
87
46
963
702
738
185
645
356
812
340
512
653
120
879
455
177
202
256
842
185
46
561
646
40
333
362
393
421
378
236
458
407
575
483
797
114
829
824
236
883
124
506
27
176
129
107
519
218
507
547
411
122
355
208
256
701
43
869
594
428
584
115
331
26
513
222
747
1
218
68
850
996
557
514
596
260
630
802
876
647
534
971
96
520
1
977
548
650
871
201
803
684
478
290
784
85
126
813
262
437
34
78
8
935
297
510
993
434
656
445
584
893
114
815
869
198
744
185
915
343
327
831
971
697
848
50
378
594
230
713
220
831
114
142
550
729
946
741
372
293
87
470
420
667
209
170
175
531
729
939
508
270
655
260
758
790
791
336
108
610
874
149
579
435
924
71
80
741
726
480
487
64
142
722
883
557
679
930
714
88
532
665
801
611
168
79
877
799
326
328
540
967
233
242
289
104
727
849
648
451
932
211
156
431
107
172
446
883
297
34
472
512
463
881
406
159
822
273
687
25
256
279
177
250
748
371
445
303
13
532
692
502
640
58
988
605
325
879
54
803
20
956
6
655
108
221
136
479
49
777
36
420
273
605
95
23
518
791
697
366
168
401
227
988
657
468
349
647
432
199
877
658
501
452
974
962
133
709
317
327
832
280
362
44
326
218
809
308
942
506
906
8
396
358
281
994
727
137
581
36
838
248
310
583
857
550
916
105
326
287
350
315
39
282
31
752
222
118
406
315
610
381
52
80
894
573
585
384
984
196
475
493
466
618
225
353
687
795
291
867
897
584
530
822
998
401
936
147
497
226
917
412
445
515
390
579
275
392
511
847
658
637
987
50
738
332
471
490
336
744
754
273
29
943
105
165
329
925
340
774
516
473
948
360
95
855
859
906
238
477
261
178
28
997
210
374
807
62
626
614
413
703
692
979
670
698
590
7
20
621
972
564
840
134
550
787
573
69
739
378
494
210
306
828
625
288
594
337
43
586
996
42
561
729
3
901
586
693
333
30
759
790
368
533
836
421
346
917
151
659
556
982
937
343
72
686
688
174
414
838
773
503
869
646
466
864
130
101
656
60
324
843
513
572
473
730
533
312
913
545
500
334
241
388
69
895
880
124
868
409
490
870
258
196
13
955
130
634
345
921
421
245
263
151
354
500
476
428
737
643
400
267
82
623
537
206
670
305
137
284
180
511
158
850
937
40
428
502
385
792
278
365
882
277
871
170
541
310
914
574
389
446
408
958
789
748
658
495
722
826
770
619
208
695
490
180
908
867
350
432
660
309
701
735
546
297
455
288
849
993
10
485
176
532
117
498
842
740
192
519
583
180
916
685
563
54
762
78
661
676
495
355
999
616
558
514
725
331
718
987
146
103
274
794
391
328
660
748
924
807
263
762
407
453
864
178
579
990
175
640
69
597
567
444
324
102
252
499
87
315
828
1
226
308
340
646
44
968
747
782
576
953
932
181
822
247
237
227
275
894
822
171
620
101
7
789
956
853
173
185
447
367
726
737
882
204
67
144
222
627
548
360
840
844
863
718
846
79
437
929
555
76
914
748
902
462
990
4
378
647
481
401
822
315
694
934
242
362
882
45
698
108
810
659
145
929
221
57
67
31
328
147
663
947
242
44
339
471
682
73
254
195
139
188
724
467
165
583
343
639
373
708
795
678
239
248
455
807
838
636
58
647
178
542
887
449
903
403
178
396
736
456
694
638
194
942
710
642
789
91
963
733
136
289
491
159
126
317
656
846
611
899
58
85
846
868
514
735
266
155
722
195
47
444
772
287
312
788
178
437
745
694
696
987
869
188
785
260
219
155
201
48
168
813
890
514
222
511
32
102
192
192
816
975
750
755
290
617
558
222
418
757
304
124
289
444
715
744
304
166
852
876
999
172
769
622
133
766
914
277
586
170
506
788
584
708
471
392
801
510
427
987
907
585
644
524
213
157
860
182
164
375
321
396
557
97
466
855
549
235
185
435
682
309
716
670
411
192
832
744
865
749
130
215
858
11
914
610
495
739
374
810
78
787
508
664
374
445
511
589
753
24
146
7
140
329
980
337
182
260
196
936
577
761
122
804
18
503
544
92
800
174
310
465
723
37
760
135
578
445
9
954
135
347
190
303
298
401
330
637
764
245
672
438
325
609
889
55
716
433
813
332
754
869
45
208
344
82
11
502
822
56
831
893
36
177
682
719
469
244
137
582
746
691
366
909
811
237
974
557
159
850
658
266
530
959
877
273
615
43
162
670
425
330
768
171
168
146
900
769
641
550
835
424
417
315
880
306
317
960
265
316
983
506
742
562
672
868
867
258
753
285
703
986
761
32
936
635
288
695
219
382
433
674
890
973
10
218
63
236
221
211
525
144
47
130
763
42
175
109
938
579
875
762
595
714
902
511
439
720
122
471
552
436
301
552
15
173
181
348
14
553
762
532
173
290
486
951
22
342
817
342
216
160
610
594
388
765
510
813
272
209
536
979
40
555
988
893
648
915
745
211
332
218
61
818
320
325
3
476
233
828
734
679
626
381
960
914
603
674
979
54
478
244
959
482
985
140
232
604
663
117
667
835
616
397
383
810
45
275
421
508
587
764
253
242
737
276
406
946
357
826
826
34
559
580
56
147
47
668
717
470
347
40
288
978
218
814
655
836
933
3
479
429
67
722
969
964
856
978
275
349
235
935
332
111
128
99
652
447
673
226
280
88
615
862
820
594
241
354
236
808
856
848
881
717
10
253
71
651
375
414
345
800
423
771
434
312
822
566
905
809
792
305
361
47
482
498
74
543
794
918
928
463
2
504
593
723
921
795
930
280
362
253
708
832
76
138
867
705
453
638
726
517
753
835
714
355
782
670
450
554
489
519
245
857
160
154
390
697
538
846
918
561
408
103
879
921
952
101
556
18
420
122
455
855
510
481
353
124
137
232
169
432
194
643
933
104
255
858
658
61
143
371
493
742
723
955
157
823
280
464
256
506
366
486
783
512
63
179
761
499
179
737
760
530
35
845
731
379
122
182
436
932
125
476
528
660
476
881
236
158
892
498
445
67
81
617
922
229
146
928
344
838
17
261
796
449
643
604
391
148
547
85
717
900
798
312
887
51
397
980
64
254
598
916
465
614
665
828
34
699
165
829
134
145
957
476
880
10
660
426
942
674
545
49
996
49
459
251
257
106
613
572
955
225
808
104
915
692
929
118
897
716
389
374
742
746
476
964
875
460
487
196
212
750
890
468
67
232
704
293
226
272
752
649
947
317
413
596
288
344
59
683
832
575
384
990
564
226
435
798
398
935
285
780
587
700
903
279
72
599
994
737
612
313
279
567
415
486
909
804
871
231
518
671
876
721
705
823
235
604
555
355
546
174
228
877
34
615
479
843
797
364
463
90
41
614
97
995
930
242
771
991
877
2
205
193
203
648
833
785
331
767
132
394
890
478
1
124
363
852
374
85
223
839
986
237
779
734
390
110
367
732
82
505
843
906
863
582
797
50
364
839
327
150
8
372
704
925
552
448
749
775
732
874
318
700
489
855
810
215
714
41
272
77
408
251
271
668
734
899
376
218
447
539
797
666
794
16
453
828
97
664
493
746
870
655
93
515
517
75
162
636
349
572
464
963
923
421
516
602
469
697
564
692
474
825
869
886
335
150
529
451
363
335
41
373
312
336
891
520
43
402
490
919
887
81
902
472
786
471
932
980
284
23
314
159
16
56
933
471
431
757
235
968
96
869
250
998
68
423
943
640
532
875
905
885
80
739
793
174
768
349
260
652
367
684
583
600
13
305
590
855
811
309
20
676
809
873
908
445
167
399
161
766
260
486
51
60
935
960
950
459
123
973
273
912
533
751
249
697
212
900
857
169
345
333
966
459
784
755
494
7
441
361
185
278
868
843
433
729
56
90
407
128
722
957
664
616
138
317
291
472
857
208
625
428
522
233
523
495
321
580
201
697
554
904
687
820
185
85
0
243
243
360
276
231
422
588
190
554
229
512
207
196
625
680
359
959
161
364
491
222
241
168
198
735
289
253
911
323
284
48
973
575
333
77
856
146
695
58
63
64
954
753
690
532
815
142
52
82
391
350
262
549
638
447
151
294
76
648
476
283
801
681
922
125
295
76
0
927
505
935
592
900
219
262
546
938
790
330
434
40
860
658
300
316
874
61
985
490
774
979
422
282
495
706
95
774
577
411
718
881
430
897
74
353
598
815
873
312
658
685
419
181
214
415
876
10
840
213
903
631
707
667
509
763
63
540
1
195
701
302
40
412
43
704
935
620
485
762
480
900
219
388
816
388
809
486
57
722
446
779
653
704
944
798
764
56
202
455
236
401
102
336
128
104
533
428
125
416
506
274
561
434
149
657
277
758
686
790
940
363
381
649
45
123
830
511
279
650
925
996
561
557
232
908
635
58
586
934
752
849
172
862
618
541
438
279
505
538
791
871
136
122
107
339
714
718
772
625
257
720
122
644
234
34
895
919
315
482
508
601
985
534
789
129
633
388
79
407
709
298
439
725
507
183
117
837
141
982
265
530
315
900
375
731
588
711
850
723
882
524
599
302
183
964
617
782
490
581
8
597
303
367
40
864
150
683
429
711
916
561
181
315
26
306
22
607
860
538
649
322
125
361
785
634
297
125
273
890
651
317
292
95
865
514
66
641
633
923
342
455
259
999
298
155
720
814
466
54
269
333
738
816
265
538
487
394
507
367
388
391
78
781
565
383
339
875
269
824
481
834
433
99
783
731
80
945
531
582
746
949
348
846
797
93
562
550
753
305
111
521
521
856
402
797
722
966
491
136
156
411
909
688
813
55
509
326
716
179
696
824
344
185
520
58
335
779
185
681
630
995
673
266
307
491
352
726
849
411
608
963
703
705
811
54
623
224
139
979
393
92
101
836
252
828
928
740
538
437
311
94
791
224
410
749
872
400
421
616
420
640
459
684
328
638
993
20
788
346
566
256
836
35
81
269
284
537
515
258
362
7
494
164
413
364
834
454
486
94
795
604
731
466
495
219
109
335
658
647
16
603
644
86
88
117
465
655
639
229
354
630
876
506
272
66
300
121
646
317
470
248
524
560
588
388
302
257
255
941
143
682
51
472
206
5
540
82
877
180
717
993
223
829
858
976
26
612
260
520
874
96
355
710
941
991
249
626
310
694
827
692
902
524
172
830
325
649
214
448
280
709
179
255
438
341
641
676
94
338
732
124
269
989
291
761
341
188
609
415
742
307
703
233
744
431
947
300
838
494
299
884
780
59
263
193
931
967
207
531
127
843
660
519
943
503
698
623
899
628
640
543
820
689
803
193
317
987
229
861
105
856
928
854
667
527
347
403
580
885
531
828
702
371
622
39
260
570
181
217
846
620
79
141
221
427
556
3
843
809
413
694
32
128
212
491
716
660
763
811
786
950
175
161
183
652
202
740
983
917
680
173
890
206
367
724
777
533
620
971
104
511
932
290
334
276
525
736
737
284
859
842
302
253
135
630
830
989
621
635
659
685
882
88
890
312
836
481
435
126
851
599
679
917
9
800
53
580
32
720
367
774
311
835
315
923
934
284
160
592
607
162
266
294
878
38
777
145
152
814
454
363
526
158
424
521
661
636
323
631
474
399
126
580
692
703
773
187
968
820
555
166
526
921
101
565
68
329
729
843
995
130
863
616
809
506
214
199
947
326
390
570
199
437
707
4
280
854
965
674
99
528
126
751
755
646
922
83
318
516
592
376
8
876
169
907
471
163
923
174
469
618
874
584
445
340
527
220
125
353
347
969
502
485
822
804
310
433
342
821
369
652
557
692
976
838
301
588
864
630
664
224
126
826
290
648
873
840
527
552
361
336
628
419
757
8
789
539
721
219
468
4
497
805
75
121
270
672
824
268
134
958
270
146
109
441
810
517
344
527
217
996
767
678
92
194
197
342
982
514
158
509
795
231
412
811
38
20
536
698
388
997
696
577
31
466
160
977
286
973
961
736
975
998
587
906
179
583
499
613
24
466
805
353
343
838
423
286
198
676
628
942
432
698
953
356
683
405
65
77
508
313
341
679
593
471
586
366
317
558
531
21
318
399
490
573
57
520
843
882
838
453
802
423
142
843
263
936
636
85
411
863
730
97
154
827
78
80
370
634
0
578
448
286
405
923
558
245
438
199
642
801
699
192
152
693
649
388
161
293
465
998
584
542
429
137
901
547
699
756
944
187
112
639
34
345
579
835
0
418
444
140
363
545
152
861
300
629
490
950
829
562
644
710
21
255
327
745
952
985
281
477
528
311
514
588
297
301
740
964
824
101
625
321
270
936
616
455
332
471
306
241
814
109
531
830
710
183
651
219
820
199
759
292
623
273
870
672
316
613
511
252
684
484
520
51
761
364
239
143
989
114
800
748
0
851
603
217
941
894
659
595
700
543
972
591
320
732
721
349
333
549
596
90
759
417
293
836
22
304
814
669
102
646
939
660
825
830
942
446
309
953
397
632
249
299
711
635
864
403
823
338
100
878
389
913
872
141
629
503
939
70
954
3
287
142
409
55
751
29
970
516
964
770
724
61
618
564
19
326
473
977
721
930
473
817
835
26
872
259
874
559
249
825
517
236
876
697
320
325
988
449
435
812
108
701
570
75
733
384
734
233
392
280
576
539
255
230
544
699
258
970
426
819
951
841
275
734
109
724
158
860
459
427
644
324
754
404
462
74
830
134
295
869
217
694
251
513
294
71
145
502
52
543
378
265
962
6
841
536
575
487
991
977
21
207
954
97
719
442
282
656
236
154
781
210
448
815
632
184
824
81
900
889
930
45
408
173
26
583
838
2
894
897
922
100
936
765
499
954
880
131
290
863
400
635
216
474
314
376
214
178
63
734
567
39
597
320
923
474
869
222
326
712
663
548
792
195
587
875
183
451
674
648
386
671
175
747
111
144
824
406
926
967
55
438
503
939
409
213
446
375
607
213
468
620
637
8
139
444
454
434
911
92
848
379
630
735
356
29
266
242
90
648
211
679
769
972
31
726
251
53
265
228
404
0
463
448
174
360
395
183
329
33
76
790
459
524
6
384
452
19
818
853
888
223
357
150
438
191
49
267
668
375
317
647
378
938
708
339
919
992
345
75
786
776
293
580
127
951
441
859
729
140
534
901
469
544
73
231
157
969
887
3
232
902
333
876
758
300
230
752
746
636
831
547
903
354
387
578
537
292
70
812
484
832
365
172
623
484
320
344
727
394
421
30
174
770
231
409
294
538
351
618
943
657
704
467
229
364
625
196
186
306
753
44
581
936
240
589
997
788
390
286
752
215
432
442
260
4
756
855
911
792
620
735
652
598
28
78
7
884
204
602
387
470
842
503
233
329
114
736
651
740
234
288
981
541
216
910
914
251
369
60
617
646
974
417
559
963
537
173
639
287
985
435
521
841
195
524
33
807
269
633
880
79
44
318
901
783
446
528
596
752
395
470
662
141
173
396
830
263
336
533
411
323
478
763
534
153
449
321
239
219
857
761
269
158
77
635
587
853
279
891
428
573
408
755
942
31
465
968
300
302
856
601
460
428
80
294
690
172
528
735
303
849
702
334
14
368
740
601
793
610
720
440
67
80
876
673
662
290
511
398
913
721
60
416
992
307
556
845
575
298
416
222
654
55
347
826
479
796
914
729
297
556
230
42
837
669
55
191
234
876
557
564
410
784
895
795
758
746
778
47
342
415
173
99
731
145
349
745
14
143
537
994
498
782
589
833
99
741
123
850
444
735
861
856
265
419
995
760
764
689
709
309
217
0
198
38
266
517
830
654
17
889
431
387
257
164
1
300
880
932
579
386
852
63
359
333
878
512
638
220
251
557
640
31
247
467
749
806
814
43
275
452
246
707
380
720
995
810
463
620
748
590
883
597
454
813
594
113
8
440
950
905
906
820
670
65
303
778
708
261
537
696
577
892
387
130
462
682
37
758
364
247
940
500
343
460
587
453
886
27
467
868
356
542
340
817
448
427
331
288
598
593
235
442
337
358
861
462
628
146
205
917
357
750
734
866
262
503
86
977
754
520
54
785
287
287
798
830
155
258
849
853
850
819
630
369
412
892
893
949
528
723
665
269
462
897
78
533
329
418
690
165
591
798
747
793
133
406
139
402
740
37
703
181
318
525
897
72
713
463
822
188
591
569
21
313
426
993
466
470
257
933
705
85
587
225
138
653
446
208
49
910
405
45
67
432
49
860
445
287
249
496
667
797
359
437
657
761
340
470
64
494
678
929
904
860
898
980
126
68
399
221
511
387
341
72
691
75
296
779
951
773
431
644
938
326
57
990
337
483
491
719
82
250
284
808
688
672
74
947
848
726
481
628
529
591
711
382
405
986
786
536
643
450
615
813
701
425
432
348
46
707
478
180
406
435
216
109
493
22
729
871
878
593
462
941
92
331
889
926
868
804
236
424
829
778
904
437
893
257
823
902
85
462
572
679
471
280
710
383
448
239
464
757
656
447
588
939
401
31
945
801
572
532
123
776
684
394
190
2
882
165
499
362
417
276
323
14
386
274
985
301
279
237
40
516
180
673
40
844
330
558
375
964
88
391
695
200
277
993
459
820
283
586
229
68
261
121
423
790
312
142
386
33
469
529
801
867
948
300
637
752
152
290
94
193
572
919
241
78
857
466
333
53
19
216
120
545
937
611
816
511
86
76
777
858
665
478
349
485
140
294
789
314
508
436
665
299
513
328
608
303
382
281
871
991
637
423
688
304
960
445
58
911
99
208
179
35
335
813
460
401
60
96
704
670
624
612
790
588
735
102
966
280
306
114
614
570
873
917
193
904
385
109
927
546
422
339
664
921
675
383
267
654
825
411
838
625
783
658
39
573
648
855
826
164
606
739
888
152
460
660
216
256
403
816
285
626
178
919
497
342
765
167
675
186
303
250
602
80
45
711
841
936
748
428
304
351
69
157
346
547
196
36
486
174
184
707
185
109
175
269
527
205
978
535
34
992
300
221
316
717
214
526
717
741
370
245
641
228
818
984
770
289
255
259
964
187
973
294
237
29
774
67
829
372
638
755
69
524
0
65
413
925
61
47
764
892
687
915
968
162
103
78
116
157
753
46
167
590
434
159
211
90
22
66
593
775
924
750
44
335
653
450
889
983
791
230
394
850
961
84
323
743
323
430
815
953
559
527
751
754
243
898
903
499
23
80
269
786
31
111
191
981
513
10
16
490
766
110
314
592
46
537
915
277
319
294
316
526
360
411
338
677
939
319
244
55
568
203
959
833
573
351
380
170
28
634
287
46
470
130
767
823
136
550
645
532
895
573
891
44
973
402
594
793
9
887
660
486
6
296
53
269
244
418
42
163
277
5
624
182
735
702
14
438
769
498
870
728
611
448
676
520
910
862
562
25
242
421
680
32
376
707
128
492
725
452
344
420
657
396
833
542
203
38
71
235
77
698
421
780
807
268
971
586
192
730
237
95
318
41
802
290
776
253
85
311
839
793
608
502
827
701
308
312
53
214
691
877
286
521
866
796
889
681
790
521
410
682
398
75
656
363
597
290
998
443
541
565
957
240
988
220
891
732
983
901
966
497
606
102
466
738
31
814
862
16
658
517
40
551
686
193
505
945
74
843
393
961
472
990
661
563
391
32
837
758
536
874
348
912
5
185
535
125
766
798
109
919
656
212
7
986
932
894
293
984
288
120
8
390
104
340
647
257
648
698
229
291
847
128
797
66
273
653
510
317
958
883
427
238
722
460
497
375
739
140
218
265
201
491
953
191
54
752
880
552
940
174
143
132
697
329
824
216
976
243
3
908
803
863
306
153
199
358
22
3
306
965
97
350
793
616
33
929
722
367
8
676
470
763
355
655
727
586
822
596
99
119
979
803
315
940
462
562
628
515
732
469
514
288
456
34
421
774
619
752
933
193
14
358
384
515
780
351
639
387
287
983
524
326
751
825
103
713
621
718
805
585
981
354
250
961
877
32
430
458
781
118
830
232
123
591
946
877
161
619
648
774
287
518
774
511
233
562
377
425
550
105
69
32
135
133
986
77
592
932
15
207
656
774
11
839
964
637
961
591
9
802
193
782
180
783
992
877
445
474
223
449
339
578
855
163
644
340
614
527
332
388
328
693
78
978
925
345
971
289
444
845
787
478
884
111
589
116
180
401
256
243
114
42
932
746
493
396
348
984
515
807
413
567
840
62
456
987
513
927
45
379
550
669
352
4
711
62
615
188
682
292
393
375
680
328
912
604
253
788
42
215
899
67
89
844
953
514
894
772
96
719
460
538
738
589
644
301
494
715
311
817
921
705
685
56
721
547
533
417
643
807
293
237
376
426
143
753
858
149
575
5
522
189
18
199
203
523
621
897
593
362
402
48
383
701
569
250
478
545
999
857
958
360
500
474
789
519
731
177
646
45
378
284
554
750
459
865
541
934
452
217
854
187
249
465
856
461
840
55
148
520
0
380
78
63
210
986
293
308
481
798
668
599
761
608
513
631
117
609
676
224
950
121
821
194
79
773
908
748
651
305
648
15
491
868
515
768
677
131
681
136
830
793
147
116
884
107
167
997
828
838
33
388
267
696
184
390
444
607
629
615
762
421
635
157
727
507
712
338
681
485
969
35
628
780
38
642
986
18
878
315
86
302
959
912
827
294
488
218
949
615
616
372
46
513
771
154
544
922
588
670
589
0
217
275
976
13
134
53
10
915
989
970
452
349
397
922
515
826
82
231
215
771
203
797
235
738
239
40
890
562
341
968
667
428
616
178
322
830
435
390
479
185
464
138
208
437
808
584
121
298
329
31
104
951
953
593
926
895
513
662
610
335
490
272
646
978
813
169
808
348
749
450
623
754
788
902
268
891
346
753
22
601
55
443
188
750
388
106
826
281
369
928
476
486
176
227
534
235
490
80
864
412
559
619
754
68
99
618
334
913
278
872
121
556
256
948
464
559
977
285
257
796
156
300
471
738
712
112
681
325
194
712
49
786
129
960
892
316
585
537
301
842
659
123
42
197
51
365
329
882
372
891
908
292
313
533
317
671
375
111
90
328
417
635
153
606
870
549
643
913
125
671
917
660
252
825
560
317
885
778
799
907
891
964
831
175
130
675
264
359
460
840
983
946
924
244
534
71
942
65
321
223
179
910
689
749
705
84
296
254
986
722
975
329
255
530
698
262
773
303
118
249
572
121
612
414
330
69
719
391
122
625
328
538
931
394
42
909
970
691
650
934
68
610
768
424
575
566
297
879
542
20
521
302
179
2
325
670
934
325
242
983
912
869
777
307
680
126
722
604
981
274
996
160
282
412
865
364
581
212
286
216
395
200
490
368
407
39
878
767
795
723
748
919
896
300
371
612
481
845
459
482
569
696
113
149
426
591
949
793
115
231
192
928
710
976
193
829
91
816
998
536
60
522
327
620
356
870
525
896
40
142
867
127
642
704
879
328
394
279
171
647
863
722
664
990
301
487
982
475
65
717
199
508
545
835
119
805
126
814
746
938
849
827
610
71
603
829
209
370
881
711
866
223
339
80
973
795
690
370
681
642
721
956
841
70
566
188
150
682
710
744
256
86
585
550
802
50
28
535
240
484
340
902
528
506
122
214
761
513
618
504
111
596
798
849
450
888
13
319
434
402
635
978
869
731
746
667
668
516
583
619
772
955
183
581
25
734
342
1
46
687
813
2
876
165
433
336
274
567
682
241
310
748
66
131
119
33
546
358
447
394
201
860
959
938
237
370
69
224
413
3
470
91
10
454
393
622
460
760
102
568
857
545
46
86
664
952
632
902
54
997
557
91
503
919
240
493
446
215
941
439
22
427
801
828
213
421
179
821
956
886
326
373
133
952
675
559
698
409
755
225
590
768
995
754
472
487
537
877
827
68
453
314
359
337
684
685
212
179
376
582
40
183
252
899
499
125
96
535
404
28
430
341
359
535
996
780
375
687
684
84
675
814
174
823
608
116
641
737
356
710
539
320
920
338
668
166
667
719
413
301
596
479
324
770
351
961
942
577
935
720
123
636
14
455
896
803
679
181
323
194
559
946
668
932
191
41
655
208
651
690
537
11
526
413
197
192
477
871
519
565
756
767
839
621
302
541
356
25
194
939
12
512
576
263
485
933
384
3
648
239
593
851
24
883
996
548
539
673
962
876
122
445
995
138
548
985
387
847
205
515
724
3
369
736
514
223
972
833
762
232
754
72
847
674
174
642
715
6
434
141
989
239
514
701
284
669
139
71
712
308
226
122
270
653
437
111
603
570
151
778
369
556
314
779
305
351
371
221
913
904
696
119
586
994
733
358
904
377
358
410
762
198
807
346
4
548
894
928
208
468
115
430
329
402
714
607
977
94
685
703
198
183
240
694
773
310
250
999
206
353
747
759
778
558
658
404
250
688
547
632
97
999
314
101
390
815
453
146
820
695
711
518
670
704
708
754
948
115
373
12
287
914
837
392
703
880
781
554
723
624
92
170
961
902
81
139
726
735
451
741
815
329
663
894
278
577
347
457
532
961
910
110
910
5
582
643
392
39
693
664
8
924
109
596
176
572
421
557
983
523
617
160
302
613
725
546
432
753
132
967
862
143
69
81
678
845
50
690
60
467
889
33
305
881
314
923
821
296
39
922
577
730
662
505
552
908
638
627
863
859
145
421
328
67
622
804
457
827
357
602
994
593
571
469
405
478
61
225
948
751
624
486
241
128
159
379
602
874
552
924
734
284
202
169
769
866
308
500
47
668
864
622
498
514
608
599
932
595
92
992
93
748
378
572
826
980
860
304
327
282
115
303
999
518
722
240
111
274
491
249
110
809
605
713
105
933
764
450
823
477
540
729
45
219
805
205
345
567
259
381
780
61
820
405
14
739
861
77
263
737
68
744
335
62
985
344
26
336
160
266
69
444
177
809
866
468
736
995
272
960
403
208
758
612
600
595
399
646
885
513
253
785
627
299
869
515
712
533
858
425
2
580
695
849
918
579
152
658
615
278
91
46
960
43
643
358
673
153
146
552
794
995
625
653
852
110
983
673
988
135
535
796
544
535
0
295
568
710
552
558
31
488
93
801
526
223
472
551
636
728
979
715
200
66
77
142
181
766
999
865
948
383
531
871
311
454
37
96
827
797
537
534
500
804
425
818
195
825
273
328
809
26
967
930
453
91
354
742
716
1
463
889
348
677
319
80
568
666
355
984
540
219
411
792
495
22
385
77
369
583
639
18
831
762
383
362
17
233
389
1
374
710
563
914
501
625
72
289
39
571
978
78
196
232
584
875
732
697
974
971
823
52
561
695
504
855
812
634
96
684
695
139
300
203
810
626
470
333
617
481
877
967
645
92
681
329
84
399
701
523
689
581
15
23
503
987
890
872
517
165
508
138
9
921
525
715
953
633
504
945
639
691
888
616
293
798
279
841
326
54
445
968
576
202
655
190
734
127
650
729
44
758
813
522
176
771
865
167
156
108
724
433
136
180
991
71
792
735
920
785
127
842
598
155
522
112
515
63
908
263
646
630
84
432
689
974
302
141
88
172
420
694
67
636
124
871
947
742
932
176
685
973
973
572
662
1
810
602
491
134
890
13
780
272
584
515
558
65
134
132
316
294
256
648
470
552
588
27
327
221
658
336
556
360
538
602
541
597
911
250
920
292
838
268
93
284
108
976
460
285
711
360
682
559
607
245
311
877
689
181
726
849
554
837
415
649
445
834
326
842
533
440
144
486
529
250
106
929
445
14
182
764
249
74
239
211
21
427
96
794
216
321
238
544
580
416
296
141
289
957
322
328
921
144
318
643
940
817
416
44
472
896
632
250
287
523
117
724
77
698
398
16
294
315
177
866
57
889
886
842
901
937
335
475
403
938
479
834
80
18
543
242
261
43
464
343
75
579
930
58
53
280
45
71
331
595
42
341
900
364
278
810
862
765
200
909
189
286
858
682
61
902
21
356
443
364
958
962
218
598
432
167
851
505
560
848
230
87
739
33
108
703
968
762
274
446
569
104
418
56
440
37
438
568
746
136
817
849
141
82
569
546
427
762
171
473
848
383
838
392
51
363
494
231
110
923
773
244
936
260
454
300
784
882
777
475
568
193
209
400
166
707
366
359
922
316
932
943
135
901
651
216
357
182
675
699
12
132
799
176
924
438
440
274
80
505
492
996
139
198
585
923
938
97
627
569
541
325
945
488
154
104
770
51
604
93
305
498
895
192
110
754
818
945
89
716
468
909
922
225
3
326
408
658
989
249
791
167
172
815
839
891
591
713
103
105
522
19
560
121
883
473
548
977
343
966
734
369
596
480
658
31
945
956
251
775
604
621
610
722
887
102
228
799
763
258
819
485
99
28
875
870
265
766
59
577
701
450
629
756
439
902
124
364
585
613
657
204
197
111
289
750
86
801
139
617
565
117
56
624
297
403
928
823
989
384
955
509
847
243
492
202
358
318
407
811
220
166
248
722
939
285
879
334
916
84
684
660
655
805
868
965
23
961
876
46
415
514
437
699
28
469
307
113
416
752
333
404
923
276
87
297
629
854
919
988
919
188
979
553
891
517
436
889
350
628
840
50
315
823
355
31
563
169
369
496
940
768
800
669
883
89
287
665
825
400
324
778
946
175
323
880
23
918
519
898
984
259
640
508
127
306
227
594
872
180
583
734
337
388
354
940
4
184
872
174
220
359
534
690
309
943
614
82
628
177
157
44
986
707
781
215
453
391
507
175
762
272
13
615
153
255
18
908
746
770
888
869
262
239
897
246
192
480
29
608
303
266
628
611
741
148
689
299
810
291
102
0
958
530
676
600
392
53
374
432
223
133
760
828
38
108
316
376
306
376
941
315
99
494
650
45
178
650
196
685
633
608
134
730
885
988
595
351
74
164
891
590
547
327
910
750
394
316
140
534
799
580
95
113
209
298
835
132
238
994
273
805
524
182
962
703
699
514
93
506
54
589
502
987
419
129
607
790
314
470
304
63
408
411
30
873
912
285
395
435
596
746
18
561
754
198
447
427
574
943
342
700
80
114
434
310
980
226
86
650
543
668
722
820
871
816
751
566
757
519
94
968
631
580
892
536
14
536
464
321
227
458
162
845
110
718
289
135
900
668
904
911
467
972
927
38
585
878
654
671
1
65
454
132
643
845
200
457
416
371
678
712
707
231
67
648
875
246
372
982
727
562
551
623
238
138
965
448
507
572
695
819
302
775
207
892
324
392
833
907
743
33
552
78
423
299
565
389
691
319
269
618
479
17
311
142
146
591
533
646
319
783
819
696
652
331
0
208
479
640
247
285
951
101
616
536
427
701
702
946
526
502
678
618
491
344
373
214
250
655
376
710
827
553
627
190
570
533
350
718
995
899
701
20
921
762
988
592
949
865
864
67
308
716
486
165
505
498
189
315
251
29
924
70
626
599
302
791
536
840
849
667
61
944
745
33
456
409
132
130
173
236
825
897
492
906
99
111
22
775
87
238
619
514
183
624
4
66
779
241
683
162
612
87
635
832
949
445
536
497
884
656
278
162
40
750
875
954
23
277
890
763
129
928
971
995
881
109
96
541
173
433
737
894
991
230
167
977
894
546
819
645
713
791
712
30
197
136
655
845
690
14
154
532
224
568
690
661
857
716
298
306
445
560
198
215
519
246
568
469
407
1
388
984
237
14
729
646
16
31
748
81
539
5
146
83
485
920
811
489
703
962
917
852
332
517
788
618
123
116
430
644
42
312
757
768
993
656
170
874
291
408
352
349
344
323
834
47
843
909
140
969
655
804
86
632
514
545
132
710
570
831
495
912
820
536
117
217
452
145
493
514
194
4
754
432
794
735
413
625
904
459
629
81
734
10
912
78
40
136
701
243
178
822
372
818
210
238
842
627
285
494
61
439
820
353
404
377
323
258
151
790
62
583
9
523
141
776
893
851
0
179
997
411
765
645
514
372
370
711
236
720
881
48
668
978
984
50
220
909
187
966
488
731
857
717
659
191
893
594
566
357
448
363
995
386
857
904
430
617
628
433
535
245
111
477
324
551
272
286
153
94
793
43
372
550
589
309
736
901
722
373
422
499
574
820
828
110
139
441
159
449
217
780
160
832
349
18
289
550
336
613
5
258
280
93
862
206
173
655
549
373
209
801
58
692
130
31
730
334
161
759
989
691
264
990
216
96
734
968
349
476
442
977
486
151
347
689
968
714
255
986
186
454
180
970
588
120
96
973
219
907
292
707
427
412
23
371
243
986
690
428
358
320
270
986
533
359
334
187
748
591
567
804
390
596
347
239
296
241
613
516
540
320
921
407
417
500
358
767
217
390
689
298
10
201
959
435
870
971
547
775
651
552
542
472
683
586
200
357
546
551
144
78
349
491
918
440
812
482
484
266
802
987
272
514
879
243
409
87
824
498
841
780
111
453
171
46
746
522
146
825
942
589
909
517
659
810
331
270
92
596
949
167
850
351
314
549
696
715
822
687
386
29
446
227
398
494
117
367
40
40
904
520
727
200
547
288
18
425
342
932
334
112
867
186
154
300
537
151
885
413
508
246
524
654
50
640
703
659
70
394
687
792
145
561
450
38
47
837
958
783
475
956
433
903
409
921
443
502
281
338
342
292
927
559
752
128
124
102
490
416
363
793
592
175
383
425
864
330
916
253
674
421
46
552
571
268
535
566
642
325
521
639
471
351
988
983
937
781
504
557
88
661
828
774
820
305
117
318
91
882
604
166
972
7
866
38
935
1
976
869
365
942
130
592
463
768
601
459
365
688
218
368
537
916
910
176
225
247
224
792
25
339
175
897
448
627
200
523
690
713
479
344
672
682
398
481
828
281
467
789
54
83
568
122
681
775
22
807
321
496
598
615
989
691
233
859
933
328
969
836
197
404
281
739
64
632
796
335
179
825
132
157
321
22
454
685
515
599
163
27
411
695
44
886
645
38
92
204
181
905
200
708
481
284
853
737
740
490
998
166
267
414
286
907
590
301
960
510
775
465
772
589
962
623
419
404
150
592
200
722
802
945
737
200
955
844
881
931
93
670
143
466
255
274
303
567
458
619
178
189
790
359
840
723
234
416
23
290
560
939
811
994
459
113
191
387
384
177
503
23
465
651
351
949
258
229
48
118
8
994
287
261
571
623
273
474
149
46
240
848
493
548
909
788
299
695
142
286
111
550
793
297
144
581
493
543
123
333
918
527
375
426
885
267
157
654
497
289
425
50
432
691
31
530
382
710
645
387
601
41
521
226
497
323
619
128
207
634
459
754
145
514
556
816
568
58
212
849
325
854
947
506
77
103
882
645
440
103
933
334
705
346
767
533
20
924
78
588
162
560
921
909
338
582
474
127
755
346
866
797
62
179
394
261
166
661
782
561
294
195
904
422
676
134
732
186
658
383
160
229
577
353
742
846
288
286
295
801
772
514
813
733
868
938
115
409
837
100
158
365
74
503
38
816
26
500
255
861
86
910
957
901
985
732
518
880
10
764
985
426
178
668
654
228
366
55
257
18
274
434
29
321
5
476
243
751
7
890
599
12
93
352
263
886
255
349
234
475
43
504
131
645
347
947
493
138
507
540
136
108
845
324
169
876
827
398
798
574
319
523
169
946
568
154
76
997
853
276
551
378
999
374
999
328
292
75
779
800
675
574
871
876
493
693
509
923
473
541
534
31
62
79
483
142
730
569
350
938
359
757
338
2
358
894
848
982
751
167
405
479
50
851
250
179
379
599
800
306
983
555
282
807
940
625
393
823
623
127
992
898
238
191
453
64
518
762
498
420
510
787
49
61
219
161
864
256
775
349
515
582
688
126
552
318
717
796
553
777
842
339
120
411
852
383
773
463
94
626
136
673
984
252
769
5
34
229
481
709
201
867
9
28
622
872
477
752
919
230
138
430
524
662
556
453
731
36
482
418
461
110
389
154
50
188
851
533
725
799
668
729
822
318
926
899
204
492
0
355
790
243
816
165
581
714
584
800
83
491
598
849
559
90
626
78
119
334
901
80
259
975
672
573
86
969
853
940
154
168
313
974
494
762
967
894
187
731
947
624
568
721
758
13
934
213
533
123
472
602
188
991
949
804
544
294
616
311
235
142
669
210
546
848
569
507
152
878
512
281
96
351
311
576
249
387
40
678
917
346
833
378
245
466
317
115
516
716
354
427
522
749
846
959
702
643
636
421
832
804
707
226
698
761
166
277
290
801
786
257
777
349
203
79
707
753
205
607
623
663
950
607
585
523
355
936
850
749
346
348
341
97
141
935
379
340
238
153
566
822
331
569
612
692
936
961
408
600
129
183
586
436
403
223
369
247
359
241
562
814
588
967
101
500
884
742
732
886
647
644
8
390
137
606
986
560
71
172
728
949
897
539
929
540
958
839
800
486
692
200
599
538
944
972
96
891
446
664
563
356
544
534
827
698
263
505
344
677
908
58
184
881
466
1
365
662
239
586
943
596
276
269
854
711
390
502
591
352
759
358
393
975
379
451
796
329
916
577
72
472
839
721
279
814
53
609
414
900
649
774
410
983
799
180
535
504
253
821
97
498
412
333
210
583
414
608
780
638
243
576
812
492
425
820
592
947
492
459
283
238
6
766
17
610
633
342
609
8
413
250
599
40
140
415
472
240
497
796
521
387
386
227
27
71
730
633
126
960
850
285
989
276
438
92
690
758
12
490
486
26
759
346
17
610
557
458
352
78
71
628
669
628
776
0
810
239
893
356
903
957
285
299
739
204
520
821
625
33
451
583
962
109
891
336
934
833
141
304
245
404
444
29
65
837
680
131
953
894
963
664
804
664
154
277
554
35
672
173
689
626
420
956
402
852
75
794
557
648
468
996
516
54
306
985
272
296
1
902
258
210
976
514
672
874
376
895
142
76
796
394
86
822
268
717
183
430
449
574
946
878
703
240
500
993
494
531
357
731
327
163
98
309
284
201
649
145
42
318
30
662
170
871
256
758
393
398
381
386
474
987
476
51
329
119
758
166
10
997
926
193
224
102
234
170
133
663
774
744
275
34
935
128
586
499
40
430
667
856
707
679
639
239
561
473
136
49
571
606
288
498
404
191
789
278
878
799
495
39
827
847
340
944
391
40
746
301
80
957
112
416
701
963
417
104
622
548
454
998
696
782
708
682
565
77
445
888
6
639
144
474
426
979
5
696
629
673
902
297
481
83
814
279
165
139
467
857
308
352
642
943
365
204
365
720
320
681
988
295
919
241
986
170
368
719
151
276
696
733
746
618
715
943
105
165
855
134
88
459
964
449
818
585
536
273
84
547
745
191
890
802
60
172
642
700
226
638
633
839
836
343
555
880
781
66
980
214
417
948
925
980
353
967
849
309
397
388
690
362
362
292
839
675
77
186
269
556
195
499
388
802
115
264
577
797
611
635
774
139
578
944
922
288
623
917
586
396
111
292
520
363
678
545
545
420
135
638
647
960
183
705
799
176
296
375
680
53
727
999
81
618
583
383
526
972
530
767
346
484
823
682
191
748
957
25
781
304
481
146
503
916
158
992
303
157
967
400
237
417
150
428
929
953
882
219
140
527
904
258
649
285
905
54
618
951
263
201
686
134
254
508
95
517
744
377
252
960
913
886
273
114
554
125
203
959
71
137
829
784
372
481
207
539
464
811
282
140
735
70
309
276
554
868
34
503
63
354
22
906
747
431
850
441
674
480
317
123
81
842
275
592
325
195
151
234
87
616
742
958
120
546
409
933
752
129
370
62
831
339
375
760
783
159
715
635
968
584
137
996
614
602
977
744
141
399
527
60
846
988
404
519
559
88
503
670
52
620
917
890
704
369
71
321
160
450
191
995
516
986
154
848
832
35
709
163
650
154
22
128
544
162
540
646
615
584
162
184
309
9
835
494
868
47
723
250
225
919
312
244
186
700
908
563
296
151
222
329
860
652
955
928
223
187
548
368
558
490
562
334
89
469
455
748
892
738
912
168
150
640
224
153
33
467
659
791
156
641
200
963
921
541
509
541
909
281
479
664
896
208
277
412
984
96
362
700
814
12
547
983
815
623
819
406
963
259
309
348
587
419
461
954
347
494
219
102
616
432
791
453
158
723
333
668
173
568
724
626
491
350
472
485
931
547
631
717
635
45
579
860
477
408
415
541
486
29
706
512
595
252
378
838
924
486
500
84
241
64
868
338
194
78
331
176
416
731
974
203
622
792
429
673
370
585
764
747
241
584
663
399
838
76
825
601
112
547
844
400
236
429
111
737
447
572
674
363
21
367
339
997
818
729
728
989
649
266
460
53
35
834
89
331
824
320
936
945
503
941
523
387
985
588
839
620
129
703
322
490
207
995
31
120
91
853
184
279
977
650
908
335
37
266
775
277
528
79
490
486
531
319
835
372
661
212
838
735
815
528
971
728
270
228
60
594
195
692
511
921
987
608
416
41
626
999
41
319
661
981
265
499
310
833
515
13
591
630
868
88
371
243
59
812
717
736
287
818
926
306
854
106
218
722
905
624
116
852
720
613
183
292
303
408
919
270
286
320
321
999
497
497
799
375
872
125
894
466
812
179
528
555
461
985
304
577
861
218
722
673
392
605
43
264
422
530
930
438
654
936
933
717
180
400
331
231
907
36
857
126
617
923
350
601
607
71
412
297
538
577
779
901
871
488
188
740
991
72
198
793
955
655
605
85
584
907
775
592
479
491
505
910
458
275
756
670
765
884
933
340
412
246
216
396
940
915
809
7
937
368
885
332
657
199
423
225
170
109
109
660
586
845
948
473
5
804
278
58
33
854
418
535
887
0
272
502
338
965
846
898
22
375
746
719
903
242
449
246
23
633
326
256
14
948
141
163
235
43
29
394
802
470
766
375
247
519
468
376
991
347
736
145
349
418
662
672
312
687
31
658
929
446
529
264
703
489
754
496
73
354
355
146
680
676
667
551
863
321
824
553
502
872
413
979
136
180
422
599
27
186
370
35
705
912
275
326
353
574
301
883
283
54
742
380
666
527
283
748
642
944
331
773
885
155
565
987
732
949
752
476
10
918
327
931
777
97
169
795
286
570
514
610
613
772
978
768
575
82
193
685
739
371
673
47
548
584
127
210
878
105
602
986
592
609
495
49
13
328
711
922
556
189
971
63
180
78
558
850
705
557
580
399
501
720
189
981
530
528
37
498
230
870
674
902
273
814
505
651
796
992
389
311
310
823
971
207
119
343
339
538
766
721
667
792
682
165
101
347
989
802
236
113
123
297
208
719
764
434
594
223
358
598
26
609
397
136
661
314
470
862
448
881
47
552
406
417
886
124
979
904
932
375
919
581
588
514
11
536
290
493
418
395
357
78
369
454
231
895
407
938
320
221
444
66
845
128
420
519
282
685
463
471
204
336
36
792
617
218
740
197
136
163
111
101
707
346
942
674
899
61
429
145
196
913
717
684
134
783
189
326
549
289
232
245
725
103
41
357
681
417
436
667
445
40
606
997
656
104
133
730
520
126
670
991
706
210
153
235
486
504
486
588
86
659
221
375
968
886
896
208
499
425
306
669
265
664
193
123
116
893
544
413
860
697
922
246
431
277
37
887
250
580
70
366
463
984
97
782
705
400
322
449
49
102
752
570
848
296
333
824
241
404
584
792
189
335
207
375
66
543
210
486
970
501
623
75
127
345
971
230
982
823
296
463
839
350
655
509
199
944
723
907
260
30
313
407
390
642
398
766
810
320
478
815
59
109
935
772
355
399
375
648
360
14
805
259
422
857
912
787
871
635
610
62
548
674
536
720
325
596
97
203
11
667
269
100
721
997
349
696
457
308
477
703
402
969
849
80
164
84
208
498
13
939
353
525
965
804
152
806
439
140
762
598
57
514
539
772
126
158
443
57
233
922
552
618
402
537
687
252
259
518
59
412
671
746
235
992
427
758
743
305
623
19
80
967
515
22
931
473
834
884
974
80
675
207
702
245
377
381
342
288
996
155
87
110
333
288
531
788
740
300
424
611
325
866
596
657
524
211
180
320
460
916
61
291
922
926
826
386
296
186
350
239
274
251
556
367
728
416
817
276
678
426
932
326
912
538
588
825
438
821
773
406
608
844
629
60
464
571
839
364
572
129
760
298
373
310
150
787
874
121
537
528
308
418
977
951
274
705
191
165
715
432
853
564
35
754
92
387
594
543
143
846
792
582
390
653
967
332
11
685
375
310
812
235
577
154
832
836
693
684
778
882
62
833
378
377
79
133
297
947
116
583
344
911
706
81
322
588
392
300
18
223
969
832
509
877
135
658
180
371
944
531
579
927
821
641
531
431
328
10
709
377
297
451
224
375
460
533
655
836
160
929
318
792
326
750
551
132
414
909
208
438
664
372
564
467
619
165
371
831
546
362
848
815
69
860
962
361
81
681
508
181
731
656
110
647
98
868
481
548
962
899
952
106
957
994
562
617
251
531
745
952
845
762
983
694
487
653
600
116
214
814
268
315
523
884
678
789
213
502
275
453
18
931
891
572
255
679
643
417
826
43
443
455
107
277
65
780
432
237
765
91
109
731
93
931
185
473
672
101
424
508
407
120
342
182
793
367
433
294
742
58
160
805
607
541
658
618
919
459
562
259
640
254
852
950
664
87
108
489
640
731
110
552
162
186
293
506
809
791
160
625
533
361
414
589
388
462
190
541
679
282
522
543
179
666
853
174
180
800
196
191
810
724
320
639
197
314
160
491
817
621
520
968
558
502
986
953
850
279
933
494
482
753
391
266
583
301
580
997
619
901
880
277
124
909
72
887
360
107
743
760
18
46
864
960
601
994
657
609
133
871
80
517
399
369
392
389
15
117
546
873
227
139
384
376
519
31
901
546
747
278
177
532
780
872
925
670
313
912
977
41
853
195
460
393
632
907
844
339
572
378
545
321
281
534
246
793
458
133
658
281
21
58
13
426
734
964
177
937
92
368
910
371
766
791
456
45
944
972
364
942
503
223
134
393
81
975
79
501
715
195
557
688
971
867
549
517
115
944
445
951
205
243
723
482
673
546
186
189
353
778
325
596
682
492
370
382
204
77
592
383
406
11
471
73
327
226
409
640
364
134
766
97
165
162
131
383
574
699
917
228
71
194
558
712
323
793
798
784
6
283
852
728
269
330
483
477
828
924
370
945
962
757
500
39
360
723
686
827
80
100
746
407
688
31
305
384
952
823
682
513
374
216
806
971
200
232
681
949
527
430
440
708
537
381
686
54
922
973
421
181
67
721
518
210
613
584
426
330
631
944
491
359
722
278
45
689
33
769
210
67
361
562
192
381
198
616
660
625
862
137
737
542
584
413
997
7
763
421
850
65
419
0
640
704
246
509
818
841
573
845
564
720
962
399
339
899
137
57
909
270
438
593
550
105
12
917
296
957
501
424
281
333
98
389
468
479
425
686
303
265
878
349
138
127
722
446
565
239
469
485
183
638
786
104
679
786
469
117
543
158
826
76
152
792
143
386
475
380
771
674
122
419
789
542
26
111
102
51
603
220
330
311
857
838
793
290
490
83
467
558
807
43
806
6
829
939
937
712
813
329
829
33
107
373
716
688
65
628
203
69
565
563
221
273
539
32
227
361
785
199
822
196
272
30
274
774
65
295
245
356
14
184
430
865
317
54
671
939
138
534
574
779
520
196
601
381
933
267
106
89
946
409
809
411
654
425
760
915
702
834
933
649
979
705
190
921
304
740
543
470
719
620
274
43
324
809
733
114
946
564
332
42
325
679
568
267
883
565
685
228
629
662
935
582
212
760
263
953
631
800
638
859
670
875
193
729
699
658
780
867
53
257
562
56
887
530
765
18
17
227
794
312
984
951
477
377
309
792
340
313
636
689
458
725
291
18
606
370
562
624
146
647
901
577
333
964
100
162
496
866
421
266
850
365
609
116
543
311
687
529
902
811
454
194
734
609
616
270
995
83
604
517
76
17
176
488
444
575
78
820
446
976
187
523
567
213
751
250
598
785
576
946
719
813
276
921
705
109
963
378
107
731
120
630
495
298
708
778
576
901
971
409
294
726
807
971
803
609
20
801
552
647
249
476
602
594
871
43
656
264
729
892
269
339
86
549
108
7
835
392
170
634
609
367
375
222
96
115
996
769
592
503
989
762
509
475
404
944
353
291
697
187
441
684
953
761
489
204
740
562
13
23
553
873
392
781
581
56
367
642
854
162
662
560
628
834
428
929
271
18
193
198
792
949
52
728
585
592
909
177
936
221
672
943
314
103
431
753
522
312
849
318
291
551
149
72
45
476
327
421
142
436
490
594
49
713
488
123
616
336
344
258
799
284
332
96
932
421
940
23
933
828
366
140
618
283
650
718
649
535
13
339
503
643
485
344
245
118
448
363
828
817
289
249
92
535
962
432
648
16
881
833
331
701
254
736
981
828
644
689
890
657
267
341
382
502
330
345
612
912
451
870
901
850
71
22
576
939
587
494
593
892
849
46
921
52
539
11
48
571
945
863
741
115
576
63
607
154
102
771
869
837
134
760
226
150
419
822
611
593
152
253
165
851
219
517
755
28
354
49
950
851
408
242
409
876
119
86
303
119
71
561
502
761
798
871
970
500
301
824
996
916
631
200
652
718
535
708
137
63
620
262
466
249
884
627
308
922
5
144
642
645
217
166
299
64
209
38
387
165
0
941
65
97
386
679
113
816
155
555
284
391
959
789
466
131
420
552
279
825
755
586
847
313
995
539
130
270
643
618
382
561
443
874
33
794
783
474
499
698
136
591
229
799
876
147
594
438
716
466
59
565
39
92
443
892
352
384
981
932
186
262
325
163
779
424
589
79
42
648
30
123
383
312
980
638
175
126
212
724
830
158
1
604
661
629
754
438
998
642
235
764
281
939
115
676
211
42
743
630
359
628
824
282
35
791
928
82
636
946
584
447
128
445
45
202
794
669
657
646
913
238
205
28
525
213
492
447
73
639
917
187
258
542
769
277
111
554
503
637
937
647
318
508
493
94
933
995
468
643
585
456
125
75
915
164
719
769
603
130
159
640
295
236
205
809
653
847
397
691
84
900
825
747
53
46
777
14
686
813
300
664
773
904
716
274
136
676
164
180
812
604
304
288
411
966
466
970
534
349
592
228
150
566
541
135
394
469
503
674
317
751
483
477
762
222
99
671
661
267
207
940
767
134
210
203
2
460
222
780
374
982
697
745
694
688
492
227
108
753
825
793
806
489
24
680
149
194
523
556
844
219
46
733
711
789
529
186
93
141
924
545
907
266
657
242
877
189
174
356
556
978
723
269
314
869
222
181
592
760
852
670
380
29
769
959
45
107
187
274
352
469
905
703
773
769
252
260
935
613
344
432
385
115
466
355
659
708
410
912
52
861
570
445
337
295
658
508
145
6
970
45
675
891
243
670
885
85
242
248
338
141
444
833
463
74
311
94
32
878
938
789
304
549
57
500
437
845
733
787
421
954
347
178
40
31
868
917
62
62
755
180
194
846
274
561
73
985
460
999
966
618
406
928
680
338
100
382
590
126
554
989
636
384
551
253
593
141
925
317
904
278
927
423
911
206
914
634
345
746
261
984
560
116
155
101
77
804
660
560
677
832
264
624
463
354
910
811
999
794
381
723
915
770
800
858
100
855
896
744
950
807
664
542
944
319
995
454
200
438
892
668
579
794
892
287
302
466
422
657
34
833
888
809
879
12
458
247
733
600
631
150
35
214
925
179
0
14
197
462
71
752
408
999
463
107
896
688
345
32
588
416
431
566
894
160
490
140
420
849
554
675
75
828
413
896
560
92
334
143
726
149
774
627
796
246
310
522
963
923
886
485
492
342
972
214
1
601
225
432
284
291
729
253
659
874
1
209
549
102
493
376
724
544
460
919
385
498
703
73
60
998
886
49
124
367
838
603
577
793
471
34
616
683
762
199
456
151
508
720
790
832
438
935
248
394
596
310
261
481
852
961
724
606
789
647
965
414
197
114
614
61
899
939
89
991
644
88
609
188
376
254
804
143
258
660
256
127
464
410
539
52
882
694
618
152
579
76
814
947
54
881
842
489
92
213
884
649
266
453
999
330
963
180
688
805
146
336
839
65
917
111
869
943
365
463
325
21
101
412
866
781
344
231
87
250
422
474
319
434
74
303
172
139
989
950
317
438
615
259
711
882
375
188
215
752
97
782
395
111
620
681
43
134
276
385
883
200
172
618
753
577
975
878
507
40
218
891
805
687
969
63
938
321
81
153
863
187
136
369
646
603
634
773
574
934
928
405
328
707
915
799
716
137
497
656
646
223
399
248
202
654
23
785
930
150
597
356
689
562
82
277
707
982
941
607
819
378
94
386
200
745
142
652
311
616
194
614
159
793
456
467
449
577
71
191
673
381
556
341
680
535
607
285
823
321
949
544
353
730
375
907
315
227
132
776
849
829
305
738
473
166
924
741
588
764
107
345
215
725
667
442
694
106
243
525
895
794
242
54
296
385
525
724
136
591
83
458
742
21
659
778
40
723
637
796
209
772
297
432
400
309
961
643
482
857
408
369
783
461
391
632
886
168
49
718
635
641
485
652
645
234
835
262
766
704
670
936
158
835
693
828
855
634
295
674
953
446
691
562
853
283
21
961
313
896
41
88
403
632
749
204
848
928
567
749
675
364
525
328
490
551
207
421
226
791
101
370
689
351
384
607
773
405
119
327
800
177
288
805
11
603
81
336
919
848
401
343
841
366
569
543
673
805
833
182
660
919
391
267
713
863
267
397
564
673
605
286
924
471
604
299
618
972
607
364
591
140
605
446
556
434
723
349
42
955
109
990
545
919
0
459
506
328
634
98
894
413
138
577
203
392
433
411
835
366
751
683
908
723
323
774
752
253
402
749
505
263
845
698
490
416
96
699
274
640
581
287
628
455
184
287
923
268
692
588
832
709
861
994
616
905
984
609
677
615
702
270
494
572
85
458
567
971
925
751
461
987
535
331
628
405
327
270
215
939
862
329
699
564
82
777
801
250
960
313
815
821
838
505
172
237
336
290
789
542
815
996
520
841
38
25
795
172
837
806
385
824
336
881
60
712
486
21
786
700
470
84
63
332
833
903
884
311
27
905
852
195
426
279
928
203
777
473
372
741
477
521
495
214
15
187
926
995
445
205
269
937
740
963
147
663
458
805
864
969
238
775
114
69
249
14
451
95
870
220
492
197
569
548
189
838
148
79
814
401
260
520
714
9
412
99
302
539
419
741
188
191
665
456
838
585
360
539
664
304
393
641
971
2
313
945
776
663
431
729
101
402
33
349
997
191
195
251
192
288
794
966
977
696
840
157
668
910
422
716
714
375
168
572
361
515
340
360
554
952
352
339
636
536
796
994
292
107
779
551
79
496
724
247
855
117
601
563
373
668
929
782
339
854
791
193
245
772
534
944
394
568
780
94
602
252
885
656
216
99
986
511
253
903
351
911
646
436
813
906
828
900
715
457
134
780
915
163
785
505
92
518
567
531
816
353
624
990
568
658
221
842
185
283
700
553
7
127
336
663
337
285
250
280
703
289
66
432
784
2
522
421
839
986
822
824
887
100
132
521
921
927
233
213
940
165
26
194
648
450
271
766
250
241
682
574
901
263
246
317
14
729
421
722
789
4
717
446
86
635
968
534
950
720
547
412
926
365
631
929
551
613
615
854
311
572
732
353
660
651
936
416
623
741
171
883
960
888
198
721
771
524
251
472
974
598
965
326
78
5
129
111
243
562
53
604
689
409
554
953
169
114
825
680
320
950
732
675
440
787
426
851
410
795
481
619
242
660
190
150
6
380
25
496
696
749
743
946
924
539
87
690
210
56
542
765
27
163
133
439
694
94
858
